 T,P,V
         0.00000000000      ,        -0.666666686535    ,        -0.500000000000
          0.500000000000    ,         -17.9540599445    ,         -6.37743764946
           1.00000000000    ,         -127.250195910    ,         -42.9712371049
           1.50000000000    ,         -792.250651837    ,         -264.881542372
           2.00000000000    ,         -4797.08081155    ,         -1600.20228776
           2.50000000000    ,         -28849.6419206    ,         -9618.31439441
           3.00000000000    ,         -173202.355877    ,         -57736.8178841
           3.50000000000    ,         -1039377.70015    ,         -346463.403708
           4.00000000000    ,         -6236523.10774    ,         -2078847.52933
           4.50000000000    ,         -37419543.0417    ,         -12473191.1769
           5.00000000000    ,         -224517895.669    ,         -74839314.5164
           5.50000000000    ,         -1347108379.59    ,         -449036151.647
           6.00000000000    ,         -8082651864.72    ,         -2694217327.83
           6.50000000000    ,         -48495913694.5    ,         -16165304627.3
           7.00000000000    ,         -290975486125.    ,         -96991828806.8
           7.50000000000    ,      -1.745852922999E+12  ,         -581950974489.
           8.00000000000    ,      -1.047511754787E+13  ,      -3.491705849535E+12
           8.50000000000    ,      -6.285070530281E+13  ,      -2.095023510133E+13
           9.00000000000    ,      -3.771042318415E+14  ,      -1.257014106145E+14
           9.50000000000    ,      -2.262625391088E+15  ,      -7.542084636970E+14
           10.0000000000    ,      -1.357575234659E+16  ,      -4.525250782198E+15
           10.5000000000    ,      -8.145451407963E+16  ,      -2.715150469321E+16
           11.0000000000    ,      -4.887270844780E+17  ,      -1.629090281593E+17
           11.5000000000    ,      -2.932362506868E+18  ,      -9.774541689560E+17
           12.0000000000    ,      -1.759417504121E+19  ,      -5.864725013736E+18
           12.5000000000    ,      -1.055650502473E+20  ,      -3.518835008242E+19
           13.0000000000    ,      -6.333903014835E+20  ,      -2.111301004945E+20
           13.5000000000    ,      -3.800341808901E+21  ,      -1.266780602967E+21
           14.0000000000    ,      -2.280205085341E+22  ,      -7.600683617802E+21
           14.5000000000    ,      -1.368123051204E+23  ,      -4.560410170681E+22
           15.0000000000    ,      -8.208738307226E+23  ,      -2.736246102409E+23
           15.5000000000    ,      -4.925242984336E+24  ,      -1.641747661445E+24
           16.0000000000    ,      -2.955145790601E+25  ,      -9.850485968672E+24
           16.5000000000    ,      -1.773087474361E+26  ,      -5.910291581203E+25
           17.0000000000    ,      -1.063852484617E+27  ,      -3.546174948722E+26
           17.5000000000    ,      -6.383114907699E+27  ,      -2.127704969233E+27
           18.0000000000    ,      -3.829868944619E+28  ,      -1.276622981540E+28
           18.5000000000    ,      -2.297921366772E+29  ,      -7.659737889239E+28
           19.0000000000    ,      -1.378752820063E+30  ,      -4.595842733543E+29
           19.5000000000    ,      -8.272516920378E+30  ,      -2.757505640126E+30
           20.0000000000    ,      -4.963510152227E+31  ,      -1.654503384076E+31
           20.5000000000    ,      -2.978106091336E+32  ,      -9.927020304454E+31
           21.0000000000    ,      -1.786863654802E+33  ,      -5.956212182672E+32
           21.5000000000    ,      -1.072118192881E+34  ,      -3.573727309603E+33
           22.0000000000    ,      -6.432709157286E+34  ,      -2.144236385762E+34
           22.5000000000    ,      -3.859625494372E+35  ,      -1.286541831457E+35
           23.0000000000    ,      -2.315775296623E+36  ,      -7.719250988743E+35
           23.5000000000    ,      -1.389465177974E+37  ,      -4.631550593246E+36
           24.0000000000    ,      -8.336791067843E+37  ,      -2.778930355948E+37
           24.5000000000    ,      -5.002074640706E+38  ,      -1.667358213569E+38
           25.0000000000    ,      -3.001244784423E+39  ,      -1.000414928141E+39
           25.5000000000    ,      -1.800746870654E+40  ,      -6.002489568847E+39
           26.0000000000    ,      -1.080448122392E+41  ,      -3.601493741308E+40
           26.5000000000    ,      -6.482688734354E+41  ,      -2.160896244785E+41
           27.0000000000    ,      -3.889613240613E+42  ,      -1.296537746871E+42
           27.5000000000    ,      -2.333767944368E+43  ,      -7.779226481225E+42
           28.0000000000    ,      -1.400260766621E+44  ,      -4.667535888735E+43
           28.5000000000    ,      -8.401564599723E+44  ,      -2.800521533241E+44
           29.0000000000    ,      -5.040938759834E+45  ,      -1.680312919945E+45
           29.5000000000    ,      -3.024563255900E+46  ,      -1.008187751967E+46
           30.0000000000    ,      -1.814737953540E+47  ,      -6.049126511801E+46
           30.5000000000    ,      -1.088842772124E+48  ,      -3.629475907081E+47
           31.0000000000    ,      -6.533056632745E+48  ,      -2.177685544248E+48
           31.5000000000    ,      -3.919833979647E+49  ,      -1.306611326549E+49
           32.0000000000    ,      -2.351900387788E+50  ,      -7.839667959294E+49
           32.5000000000    ,      -1.411140232673E+51  ,      -4.703800775576E+50
           33.0000000000    ,      -8.466841396037E+51  ,      -2.822280465346E+51
           33.5000000000    ,      -5.080104837622E+52  ,      -1.693368279207E+52
           34.0000000000    ,      -3.048062902573E+53  ,      -1.016020967524E+53
           34.5000000000    ,      -1.828837741544E+54  ,      -6.096125805147E+53
           35.0000000000    ,      -1.097302644926E+55  ,      -3.657675483088E+54
           35.5000000000    ,      -6.583815869559E+55  ,      -2.194605289853E+55
           36.0000000000    ,      -3.950289521735E+56  ,      -1.316763173912E+56
           36.5000000000    ,      -2.370173713041E+57  ,      -7.900579043470E+56
           37.0000000000    ,      -1.422104227825E+58  ,      -4.740347426082E+57
           37.5000000000    ,      -8.532625366948E+58  ,      -2.844208455649E+58
           38.0000000000    ,      -5.119575220169E+59  ,      -1.706525073390E+59
           38.5000000000    ,      -3.071745132101E+60  ,      -1.023915044034E+60
           39.0000000000    ,      -1.843047079261E+61  ,      -6.143490264203E+60
           39.5000000000    ,      -1.105828247556E+62  ,      -3.686094158522E+61
           40.0000000000    ,      -6.634969485339E+62  ,      -2.211656495113E+62
           40.5000000000    ,      -3.980981691203E+63  ,      -1.326993897068E+63
           41.0000000000    ,      -2.388589014722E+64  ,      -7.961963382407E+63
           41.5000000000    ,      -1.433153408833E+65  ,      -4.777178029444E+64
           42.0000000000    ,      -8.598920452999E+65  ,      -2.866306817666E+65
           42.5000000000    ,      -5.159352271799E+66  ,      -1.719784090600E+66
           43.0000000000    ,      -3.095611363080E+67  ,      -1.031870454360E+67
           43.5000000000    ,      -1.857366817848E+68  ,      -6.191222726159E+67
           44.0000000000    ,      -1.114420090709E+69  ,      -3.714733635696E+68
           44.5000000000    ,      -6.686520544252E+69  ,      -2.228840181417E+69
           45.0000000000    ,      -4.011912326551E+70  ,      -1.337304108850E+70
           45.5000000000    ,      -2.407147395931E+71  ,      -8.023824653103E+70
           46.0000000000    ,      -1.444288437558E+72  ,      -4.814294791862E+71
           46.5000000000    ,      -8.665730625351E+72  ,      -2.888576875117E+72
           47.0000000000    ,      -5.199438375210E+73  ,      -1.733146125070E+73
           47.5000000000    ,      -3.119663025126E+74  ,      -1.039887675042E+74
           48.0000000000    ,      -1.871797815076E+75  ,      -6.239326050253E+74
           48.5000000000    ,      -1.123078689045E+76  ,      -3.743595630152E+75
           49.0000000000    ,      -6.738472134273E+76  ,      -2.246157378091E+76
           49.5000000000    ,      -4.043083280564E+77  ,      -1.347694426855E+77
           50.0000000000    ,      -2.425849968338E+78  ,      -8.086166561127E+77
