  -31   -1   32   34  -31  -11   40   26   29    0  -21   41    3  -47   13   44    6  -29  -31  -38   47   18   47   23  -21
   -1   40   47  -18   39   44  -12  -28    4  -48  -40  -40  -10  -17  -42   34   49  -47   -4  -18  -32  -49  -39   34  -33
   32   47    1   29   -3   11   44   35   -6  -20   12    4   -3   39   20   24  -15   17  -14   27  -39  -16  -24  -14   -3
   34  -18   29   29  -44  -19    3  -49  -44   10  -26   27    3   41  -24  -13   -4   20   15  -42  -27   -3  -40   12   20
  -31   39   -3  -44  -49   34   35  -44  -27   31  -30   20   27   47   -3  -35   19  -29  -35   36   48   35    6  -13  -34
  -11   44   11  -19   34    1   22   41  -34  -47   -3   18  -17   35   43   13  -23   11   46  -37    0  -17   28  -16   28
   40  -12   44    3   35   22    8  -16  -41   32    8  -33   17  -44  -34   18  -22   -4  -37    3   -3   36  -36   -5   39
   26  -28   35  -49  -44   41  -16    0    2  -29  -16   -6   24   44  -48   36   39   27  -12   16  -25   42   30    4   -5
   29    4   -6  -44  -27  -34  -41    2   21   33  -44  -14  -48   -6  -47  -11   18   24    7   -1  -20   -1  -45   49  -36
    0  -48  -20   10   31  -47   32  -29   33  -11   43  -21   32   35   17   40  -12  -13  -27   -6  -45   43   -1    7  -45
  -21  -40   12  -26  -30   -3    8  -16  -44   43    0  -29   29    5   11  -48   10  -24   35   18  -17   -4  -32    2   -9
   41  -40    4   27   20   18  -33   -6  -14  -21  -29   45   27  -12  -29    0   15   15   -7   41   39  -14    0   16   12
    3  -10   -3    3   27  -17   17   24  -48   32   29   27  -25   21  -28   -9   26  -37  -17  -21   15    3   -7  -11   24
  -47  -17   39   41   47   35  -44   44   -6   35    5  -12   21   11  -16  -26  -20   22    1   13  -14  -37  -22   34   45
   13  -42   20  -24   -3   43  -34  -48  -47   17   11  -29  -28  -16  -45  -37  -12  -46   19   40  -36   -2   11   -4  -13
   44   34   24  -13  -35   13   18   36  -11   40  -48    0   -9  -26  -37   -7  -25   30    3  -41  -36   45  -37  -30   -3
    6   49  -15   -4   19  -23  -22   39   18  -12   10   15   26  -20  -12  -25   -2  -27   37  -36  -15   17   49   28  -15
  -29  -47   17   20  -29   11   -4   27   24  -13  -24   15  -37   22  -46   30  -27   40   25    6   25   45  -28   10    8
  -31   -4  -14   15  -35   46  -37  -12    7  -27   35   -7  -17    1   19    3   37   25  -47   38  -27    9   20   32   17
  -38  -18   27  -42   36  -37    3   16   -1   -6   18   41  -21   13   40  -41  -36    6   38    0  -37  -31   -4   40  -45
   47  -32  -39  -27   48    0   -3  -25  -20  -45  -17   39   15  -14  -36  -36  -15   25  -27  -37    3   14  -28   41  -21
   18  -49  -16   -3   35  -17   36   42   -1   43   -4  -14    3  -37   -2   45   17   45    9  -31   14   16   47   35  -23
   47  -39  -24  -40    6   28  -36   30  -45   -1  -32    0   -7  -22   11  -37   49  -28   20   -4  -28   47  -25   -2  -16
   23   34  -14   12  -13  -16   -5    4   49    7    2   16  -11   34   -4  -30   28   10   32   40   41   35   -2  -35   -2
  -21  -33   -3   20  -34   28   39   -5  -36  -45   -9   12   24   45  -13   -3  -15    8   17  -45  -21  -23  -16   -2   34
